topic 000
   61
   48
   90
   56
   129
   28
   645
   44
   844
   1085
   658
   74
   63
   76
   707
   1312
   96
   623
   697
   43

topic 001
   783
   769
   825
   354
   866
   1201
   187
   61
   190
   171
   426
   448
   0
   491
   3144
   168
   527
   553
   56
   694

topic 002
   16
   1069
   1051
   54
   1058
   1083
   352
   123
   349
   243
   1046
   1040
   157
   81
   1071
   167
   116
   828
   278
   684

topic 003
   57
   27
   54
   180
   70
   613
   86
   284
   32
   123
   317
   24
   114
   142
   438
   437
   171
   154
   42
   29

topic 004
   990
   56
   115
   54
   476
   287
   123
   129
   535
   269
   1109
   1140
   274
   0
   180
   116
   171
   683
   50
   35

topic 005
   367
   0
   769
   446
   633
   2647
   927
   856
   131
   12
   3148
   383
   1
   738
   775
   509
   642
   720
   402
   56

topic 006
   0
   115
   90
   180
   16
   497
   129
   11
   1
   56
   462
   523
   270
   96
   3111
   148
   541
   477
   131
   509

topic 007
   853
   838
   12
   834
   845
   0
   305
   157
   875
   468
   1034
   509
   1046
   349
   507
   367
   168
   1308
   564
   849

topic 008
   736
   130
   1553
   1405
   248
   1420
   37
   70
   1048
   249
   1418
   42
   1610
   456
   81
   1424
   1069
   187
   1455
   639

topic 009
   476
   19
   181
   112
   1907
   40
   50
   629
   180
   623
   56
   916
   131
   129
   90
   29
   13
   119
   118
   144

