topic 000
   61
   56
   48
   76
   28
   44
   74
   90
   129
   710
   645
   844
   1085
   658
   1312
   697
   1088
   63
   707
   875

topic 001
   456
   623
   27
   19
   90
   57
   96
   1538
   296
   635
   16
   144
   101
   443
   1346
   149
   193
   3111
   511
   978

topic 002
   16
   1069
   1051
   54
   1058
   123
   1083
   352
   349
   243
   1040
   1046
   157
   81
   1071
   116
   167
   278
   828
   684

topic 003
   57
   27
   70
   180
   54
   613
   86
   284
   32
   24
   29
   317
   114
   171
   142
   269
   157
   437
   82
   438

topic 004
   990
   115
   56
   54
   287
   476
   123
   129
   0
   269
   535
   1109
   1140
   274
   180
   116
   1005
   50
   171
   168

topic 005
   769
   0
   367
   446
   633
   2647
   131
   927
   856
   3148
   1
   12
   825
   383
   775
   738
   509
   178
   168
   642

topic 006
   736
   130
   1553
   1405
   248
   1420
   37
   70
   1048
   249
   1418
   42
   1610
   456
   81
   1424
   187
   1069
   1455
   1195

topic 007
   853
   838
   12
   834
   845
   0
   305
   157
   875
   468
   509
   1034
   349
   1046
   168
   507
   367
   849
   564
   1308

topic 008
   0
   16
   180
   56
   90
   96
   11
   462
   115
   827
   523
   497
   139
   541
   1
   129
   148
   941
   294
   830

topic 009
   476
   916
   629
   50
   181
   112
   1907
   131
   56
   40
   119
   648
   448
   129
   180
   20
   591
   13
   633
   90

